#                     Distributed Loads                    #
260
# |  N1  |  N2  | ... |  Nn  |  SX  |  SY  | Sz (only3D) | #
29407	29405	29404	29406	0.00	-10.00	0.00
29409	29408	29405	29407	0.00	-10.00	0.00
29411	29410	29408	29409	0.00	-10.00	0.00
29413	29412	29410	29411	0.00	-10.00	0.00
29415	29414	29412	29413	0.00	-10.00	0.00
29417	29416	29414	29415	0.00	-10.00	0.00
29419	29418	29416	29417	0.00	-10.00	0.00
29421	29420	29418	29419	0.00	-10.00	0.00
29423	29422	29420	29421	0.00	-10.00	0.00
29425	29424	29422	29423	0.00	-10.00	0.00
29427	29407	29406	29426	0.00	-10.00	0.00
29428	29409	29407	29427	0.00	-10.00	0.00
29429	29411	29409	29428	0.00	-10.00	0.00
29430	29413	29411	29429	0.00	-10.00	0.00
29431	29415	29413	29430	0.00	-10.00	0.00
29432	29417	29415	29431	0.00	-10.00	0.00
29433	29419	29417	29432	0.00	-10.00	0.00
29434	29421	29419	29433	0.00	-10.00	0.00
29435	29423	29421	29434	0.00	-10.00	0.00
29436	29425	29423	29435	0.00	-10.00	0.00
29438	29427	29426	29437	0.00	-10.00	0.00
29439	29428	29427	29438	0.00	-10.00	0.00
29440	29429	29428	29439	0.00	-10.00	0.00
29441	29430	29429	29440	0.00	-10.00	0.00
29442	29431	29430	29441	0.00	-10.00	0.00
29443	29432	29431	29442	0.00	-10.00	0.00
29444	29433	29432	29443	0.00	-10.00	0.00
29445	29434	29433	29444	0.00	-10.00	0.00
29446	29435	29434	29445	0.00	-10.00	0.00
29447	29436	29435	29446	0.00	-10.00	0.00
29449	29438	29437	29448	0.00	-10.00	0.00
29450	29439	29438	29449	0.00	-10.00	0.00
29451	29440	29439	29450	0.00	-10.00	0.00
29452	29441	29440	29451	0.00	-10.00	0.00
29453	29442	29441	29452	0.00	-10.00	0.00
29454	29443	29442	29453	0.00	-10.00	0.00
29455	29444	29443	29454	0.00	-10.00	0.00
29456	29445	29444	29455	0.00	-10.00	0.00
29457	29446	29445	29456	0.00	-10.00	0.00
29458	29447	29446	29457	0.00	-10.00	0.00
29460	29449	29448	29459	0.00	-10.00	0.00
29461	29450	29449	29460	0.00	-10.00	0.00
29462	29451	29450	29461	0.00	-10.00	0.00
29463	29452	29451	29462	0.00	-10.00	0.00
29464	29453	29452	29463	0.00	-10.00	0.00
29465	29454	29453	29464	0.00	-10.00	0.00
29466	29455	29454	29465	0.00	-10.00	0.00
29467	29456	29455	29466	0.00	-10.00	0.00
29468	29457	29456	29467	0.00	-10.00	0.00
29469	29458	29457	29468	0.00	-10.00	0.00
29471	29460	29459	29470	0.00	-10.00	0.00
29472	29461	29460	29471	0.00	-10.00	0.00
29473	29462	29461	29472	0.00	-10.00	0.00
29474	29463	29462	29473	0.00	-10.00	0.00
29475	29464	29463	29474	0.00	-10.00	0.00
29476	29465	29464	29475	0.00	-10.00	0.00
29477	29466	29465	29476	0.00	-10.00	0.00
29478	29467	29466	29477	0.00	-10.00	0.00
29479	29468	29467	29478	0.00	-10.00	0.00
29480	29469	29468	29479	0.00	-10.00	0.00
29482	29471	29470	29481	0.00	-10.00	0.00
29483	29472	29471	29482	0.00	-10.00	0.00
29484	29473	29472	29483	0.00	-10.00	0.00
29485	29474	29473	29484	0.00	-10.00	0.00
29486	29475	29474	29485	0.00	-10.00	0.00
29487	29476	29475	29486	0.00	-10.00	0.00
29488	29477	29476	29487	0.00	-10.00	0.00
29489	29478	29477	29488	0.00	-10.00	0.00
29490	29479	29478	29489	0.00	-10.00	0.00
29491	29480	29479	29490	0.00	-10.00	0.00
29493	29482	29481	29492	0.00	-10.00	0.00
29494	29483	29482	29493	0.00	-10.00	0.00
29495	29484	29483	29494	0.00	-10.00	0.00
29496	29485	29484	29495	0.00	-10.00	0.00
29497	29486	29485	29496	0.00	-10.00	0.00
29498	29487	29486	29497	0.00	-10.00	0.00
29499	29488	29487	29498	0.00	-10.00	0.00
29500	29489	29488	29499	0.00	-10.00	0.00
29501	29490	29489	29500	0.00	-10.00	0.00
29502	29491	29490	29501	0.00	-10.00	0.00
29504	29493	29492	29503	0.00	-10.00	0.00
29505	29494	29493	29504	0.00	-10.00	0.00
29506	29495	29494	29505	0.00	-10.00	0.00
29507	29496	29495	29506	0.00	-10.00	0.00
29508	29497	29496	29507	0.00	-10.00	0.00
29509	29498	29497	29508	0.00	-10.00	0.00
29510	29499	29498	29509	0.00	-10.00	0.00
29511	29500	29499	29510	0.00	-10.00	0.00
29512	29501	29500	29511	0.00	-10.00	0.00
29513	29502	29501	29512	0.00	-10.00	0.00
29515	29504	29503	29514	0.00	-10.00	0.00
29516	29505	29504	29515	0.00	-10.00	0.00
29517	29506	29505	29516	0.00	-10.00	0.00
29518	29507	29506	29517	0.00	-10.00	0.00
29519	29508	29507	29518	0.00	-10.00	0.00
29520	29509	29508	29519	0.00	-10.00	0.00
29521	29510	29509	29520	0.00	-10.00	0.00
29522	29511	29510	29521	0.00	-10.00	0.00
29523	29512	29511	29522	0.00	-10.00	0.00
29524	29513	29512	29523	0.00	-10.00	0.00
29526	29515	29514	29525	0.00	-10.00	0.00
29527	29516	29515	29526	0.00	-10.00	0.00
29528	29517	29516	29527	0.00	-10.00	0.00
29529	29518	29517	29528	0.00	-10.00	0.00
29530	29519	29518	29529	0.00	-10.00	0.00
29531	29520	29519	29530	0.00	-10.00	0.00
29532	29521	29520	29531	0.00	-10.00	0.00
29533	29522	29521	29532	0.00	-10.00	0.00
29534	29523	29522	29533	0.00	-10.00	0.00
29535	29524	29523	29534	0.00	-10.00	0.00
29537	29526	29525	29536	0.00	-10.00	0.00
29538	29527	29526	29537	0.00	-10.00	0.00
29539	29528	29527	29538	0.00	-10.00	0.00
29540	29529	29528	29539	0.00	-10.00	0.00
29541	29530	29529	29540	0.00	-10.00	0.00
29542	29531	29530	29541	0.00	-10.00	0.00
29543	29532	29531	29542	0.00	-10.00	0.00
29544	29533	29532	29543	0.00	-10.00	0.00
29545	29534	29533	29544	0.00	-10.00	0.00
29546	29535	29534	29545	0.00	-10.00	0.00
29548	29537	29536	29547	0.00	-10.00	0.00
29549	29538	29537	29548	0.00	-10.00	0.00
29550	29539	29538	29549	0.00	-10.00	0.00
29551	29540	29539	29550	0.00	-10.00	0.00
29552	29541	29540	29551	0.00	-10.00	0.00
29553	29542	29541	29552	0.00	-10.00	0.00
29554	29543	29542	29553	0.00	-10.00	0.00
29555	29544	29543	29554	0.00	-10.00	0.00
29556	29545	29544	29555	0.00	-10.00	0.00
29557	29546	29545	29556	0.00	-10.00	0.00
29559	29548	29547	29558	0.00	-10.00	0.00
29560	29549	29548	29559	0.00	-10.00	0.00
29561	29550	29549	29560	0.00	-10.00	0.00
29562	29551	29550	29561	0.00	-10.00	0.00
29563	29552	29551	29562	0.00	-10.00	0.00
29564	29553	29552	29563	0.00	-10.00	0.00
29565	29554	29553	29564	0.00	-10.00	0.00
29566	29555	29554	29565	0.00	-10.00	0.00
29567	29556	29555	29566	0.00	-10.00	0.00
29568	29557	29556	29567	0.00	-10.00	0.00
29570	29559	29558	29569	0.00	-10.00	0.00
29571	29560	29559	29570	0.00	-10.00	0.00
29572	29561	29560	29571	0.00	-10.00	0.00
29573	29562	29561	29572	0.00	-10.00	0.00
29574	29563	29562	29573	0.00	-10.00	0.00
29575	29564	29563	29574	0.00	-10.00	0.00
29576	29565	29564	29575	0.00	-10.00	0.00
29577	29566	29565	29576	0.00	-10.00	0.00
29578	29567	29566	29577	0.00	-10.00	0.00
29579	29568	29567	29578	0.00	-10.00	0.00
29581	29570	29569	29580	0.00	-10.00	0.00
29582	29571	29570	29581	0.00	-10.00	0.00
29583	29572	29571	29582	0.00	-10.00	0.00
29584	29573	29572	29583	0.00	-10.00	0.00
29585	29574	29573	29584	0.00	-10.00	0.00
29586	29575	29574	29585	0.00	-10.00	0.00
29587	29576	29575	29586	0.00	-10.00	0.00
29588	29577	29576	29587	0.00	-10.00	0.00
29589	29578	29577	29588	0.00	-10.00	0.00
29590	29579	29578	29589	0.00	-10.00	0.00
29592	29581	29580	29591	0.00	-10.00	0.00
29593	29582	29581	29592	0.00	-10.00	0.00
29594	29583	29582	29593	0.00	-10.00	0.00
29595	29584	29583	29594	0.00	-10.00	0.00
29596	29585	29584	29595	0.00	-10.00	0.00
29597	29586	29585	29596	0.00	-10.00	0.00
29598	29587	29586	29597	0.00	-10.00	0.00
29599	29588	29587	29598	0.00	-10.00	0.00
29600	29589	29588	29599	0.00	-10.00	0.00
29601	29590	29589	29600	0.00	-10.00	0.00
29603	29592	29591	29602	0.00	-10.00	0.00
29604	29593	29592	29603	0.00	-10.00	0.00
29605	29594	29593	29604	0.00	-10.00	0.00
29606	29595	29594	29605	0.00	-10.00	0.00
29607	29596	29595	29606	0.00	-10.00	0.00
29608	29597	29596	29607	0.00	-10.00	0.00
29609	29598	29597	29608	0.00	-10.00	0.00
29610	29599	29598	29609	0.00	-10.00	0.00
29611	29600	29599	29610	0.00	-10.00	0.00
29612	29601	29600	29611	0.00	-10.00	0.00
29614	29603	29602	29613	0.00	-10.00	0.00
29615	29604	29603	29614	0.00	-10.00	0.00
29616	29605	29604	29615	0.00	-10.00	0.00
29617	29606	29605	29616	0.00	-10.00	0.00
29618	29607	29606	29617	0.00	-10.00	0.00
29619	29608	29607	29618	0.00	-10.00	0.00
29620	29609	29608	29619	0.00	-10.00	0.00
29621	29610	29609	29620	0.00	-10.00	0.00
29622	29611	29610	29621	0.00	-10.00	0.00
29623	29612	29611	29622	0.00	-10.00	0.00
29625	29614	29613	29624	0.00	-10.00	0.00
29626	29615	29614	29625	0.00	-10.00	0.00
29627	29616	29615	29626	0.00	-10.00	0.00
29628	29617	29616	29627	0.00	-10.00	0.00
29629	29618	29617	29628	0.00	-10.00	0.00
29630	29619	29618	29629	0.00	-10.00	0.00
29631	29620	29619	29630	0.00	-10.00	0.00
29632	29621	29620	29631	0.00	-10.00	0.00
29633	29622	29621	29632	0.00	-10.00	0.00
29634	29623	29622	29633	0.00	-10.00	0.00
29636	29625	29624	29635	0.00	-10.00	0.00
29637	29626	29625	29636	0.00	-10.00	0.00
29638	29627	29626	29637	0.00	-10.00	0.00
29639	29628	29627	29638	0.00	-10.00	0.00
29640	29629	29628	29639	0.00	-10.00	0.00
29641	29630	29629	29640	0.00	-10.00	0.00
29642	29631	29630	29641	0.00	-10.00	0.00
29643	29632	29631	29642	0.00	-10.00	0.00
29644	29633	29632	29643	0.00	-10.00	0.00
29645	29634	29633	29644	0.00	-10.00	0.00
29647	29636	29635	29646	0.00	-10.00	0.00
29648	29637	29636	29647	0.00	-10.00	0.00
29649	29638	29637	29648	0.00	-10.00	0.00
29650	29639	29638	29649	0.00	-10.00	0.00
29651	29640	29639	29650	0.00	-10.00	0.00
29652	29641	29640	29651	0.00	-10.00	0.00
29653	29642	29641	29652	0.00	-10.00	0.00
29654	29643	29642	29653	0.00	-10.00	0.00
29655	29644	29643	29654	0.00	-10.00	0.00
29656	29645	29644	29655	0.00	-10.00	0.00
29658	29647	29646	29657	0.00	-10.00	0.00
29659	29648	29647	29658	0.00	-10.00	0.00
29660	29649	29648	29659	0.00	-10.00	0.00
29661	29650	29649	29660	0.00	-10.00	0.00
29662	29651	29650	29661	0.00	-10.00	0.00
29663	29652	29651	29662	0.00	-10.00	0.00
29664	29653	29652	29663	0.00	-10.00	0.00
29665	29654	29653	29664	0.00	-10.00	0.00
29666	29655	29654	29665	0.00	-10.00	0.00
29667	29656	29655	29666	0.00	-10.00	0.00
29669	29658	29657	29668	0.00	-10.00	0.00
29670	29659	29658	29669	0.00	-10.00	0.00
29671	29660	29659	29670	0.00	-10.00	0.00
29672	29661	29660	29671	0.00	-10.00	0.00
29673	29662	29661	29672	0.00	-10.00	0.00
29674	29663	29662	29673	0.00	-10.00	0.00
29675	29664	29663	29674	0.00	-10.00	0.00
29676	29665	29664	29675	0.00	-10.00	0.00
29677	29666	29665	29676	0.00	-10.00	0.00
29678	29667	29666	29677	0.00	-10.00	0.00
29680	29669	29668	29679	0.00	-10.00	0.00
29681	29670	29669	29680	0.00	-10.00	0.00
29682	29671	29670	29681	0.00	-10.00	0.00
29683	29672	29671	29682	0.00	-10.00	0.00
29684	29673	29672	29683	0.00	-10.00	0.00
29685	29674	29673	29684	0.00	-10.00	0.00
29686	29675	29674	29685	0.00	-10.00	0.00
29687	29676	29675	29686	0.00	-10.00	0.00
29688	29677	29676	29687	0.00	-10.00	0.00
29689	29678	29677	29688	0.00	-10.00	0.00
29691	29680	29679	29690	0.00	-10.00	0.00
29692	29681	29680	29691	0.00	-10.00	0.00
29693	29682	29681	29692	0.00	-10.00	0.00
29694	29683	29682	29693	0.00	-10.00	0.00
29695	29684	29683	29694	0.00	-10.00	0.00
29696	29685	29684	29695	0.00	-10.00	0.00
29697	29686	29685	29696	0.00	-10.00	0.00
29698	29687	29686	29697	0.00	-10.00	0.00
29699	29688	29687	29698	0.00	-10.00	0.00
29700	29689	29688	29699	0.00	-10.00	0.00
